8.161880439288632161e+00 1.792787461391838022e+01
4.765096332379272326e+00 1.425713865873949615e+01
4.593120935850682152e+00 2.424187918253442930e+00
3.284840322850775429e+00 1.146307555370924725e+01
5.570920589917691679e+00 3.594230613419702181e+00
3.924362701092793060e+00 9.278701746724257404e+00
4.181912091092669037e+00 1.525653291862161254e+00
6.503885828861174723e+00 7.371589811834297734e+00
3.996518507085574434e+00 9.620379678396249190e+00
8.297270993905652148e+00 1.726831739323845483e+01
3.007908759691149125e+00 2.325058756370973256e+00
3.385903603880694668e+00 9.745226826988645286e+00
5.237135376491647065e+00 9.734243493740923014e+00
2.097417666538633263e+00 1.642356278429050320e+01
3.734998260168683970e+00 1.817060634649340045e+01
7.269742253975899793e+00 9.745139612021670672e+00
5.756918377624956840e+00 1.211345830684027725e+01
4.622807288965038452e+00 7.771423866218106546e+00
2.895153845391972069e+00 2.664790244360423888e+00
8.037769384433987696e+00 8.777087217794512952e+00
6.001418660325159138e+00 1.631955376672466684e+01
2.318891940874246771e+00 1.265640987599953071e+01
8.898329849281463311e+00 9.403037664822408104e+00
6.589634595024827846e+00 5.855779882272767800e+00
8.025743813521373227e+00 1.941230318634790208e+01
9.322071537270215202e+00 1.879607015806209702e+01
8.717313176315006018e+00 1.390177322203031629e+01
4.452946380475347965e+00 2.396906727407571491e+00
8.177325994806697196e+00 8.128486732537620441e+00
3.846749876810243940e+00 6.498749877705806810e+00
6.420970032173068276e+00 1.754661918987402558e+01
3.047895546559747260e+00 9.595917045010866175e+00
4.279853704606441767e+00 1.668378965376433243e+01
7.119078888225752522e+00 4.841071467862779087e+00
5.929701270322720319e+00 1.539299610305000066e+01
7.732924463786309488e+00 1.591334143067501294e+01
5.777769835583682401e+00 8.092890565775952894e+00
2.120218368482449378e+00 7.211104302939581601e+00
4.893418202377572079e+00 3.423397994421327972e+00
8.298281489831389024e+00 1.562550826959532024e+01
