5.802452298016109 16.208185304133966
5.8536495339997305 24.05200526107056
6.258292681940698 18.897555609140987
6.294367603283802 19.733097492462406
5.92878264456181 22.975459204892545
6.131100806101208 18.207342985334527
5.783603024930799 16.688115503521512
5.738462909611861 15.937307260687572
6.183026027370094 20.517150412920337
6.444265958115044 17.919574595784834
8.80245229801611 6.4832741216535865
8.85364953399973 9.620802104428224
9.258292681940697 7.559022243656395
9.294367603283801 7.893238996984962
8.92878264456181 9.190183681957018
9.131100806101207 7.282937194133812
8.783603024930798 6.675246201408605
8.73846290961186 6.374922904275029
9.183026027370094 8.206860165168136
9.444265958115043 7.167829838313934
